15.018954620361328
13.281840998331706
13.940228207906086
13.068606096903483
13.49396188735962
13.191385599772135
12.899693984985351
12.61750670115153
13.30869166056315
12.472250900268556
12.68542885462443
12.566840394337971
12.303547528584799
12.29104268391927
12.027557989756266
12.650188395182292
11.407694288889568
11.635993518829345
11.464388821919758
11.008988691965738
11.703497511545818
11.22914488474528
10.771682917277019
10.500610122680664
10.97813666343689
10.327042325337727
9.934435507456461
10.283442789713542
9.428697277704874
9.110817550023397
9.589614461263022
9.184633382161458
8.785502347946167
8.443966080347696
8.177479249636333
7.983397674560547
7.949105984369914
7.452037340799968
7.598112080891927
7.497920131683349
6.5794343121846515
5.971282660961151
6.125865820248921
5.948153962294261
5.652016123930613
5.1827084938685095
5.000281976064046
4.624102129936218
4.3923583149909975
3.9984630958239236
3.6969883529345196
3.745706958770752
2.8545787413915
3.0129457974433898
3.000000499089559
2.5323722847302754
2.1737530549367268
2.118198869228363
1.9587871829668682
2.0579633768399557
1.70296085357666
1.7691881465911865
1.3711930378278097
1.4080916301409403
1.4754102802276612
1.2562484645843506
1.2502578910191853
1.2470169472694397
1.0302537067731221
1.0225166869163513
1.1827543759346009
1.410368504524231
1.0965278522173563
0.7102105013529459
0.7840770737330118
0.8587355057398478
0.8212878553072611
0.9392641282081604
0.7596415328979492
0.5569462211926778
0.575541398525238
0.7695874897638957
0.6510398761431376
0.5097345487276713
0.596259081363678
0.5053440515200297
0.28322840293248497
0.4158629600207011
0.6254073143005371
0.6641662351290385
0.5566678126653035
0.6819906918207804
0.4634524973233541
0.521043553352356
0.38610272407531737
0.38986780643463137
0.3808642530441284
0.3220646071434021
0.3337651030222575
0.2931839418411255
0.19772932211558025
0.3239276115099589
0.4647247513135274
0.2929579122861226
0.5882008186976115
0.5248645901679992
0.5521307476361592
0.5217195192972819
0.4923912787437439
0.29945011536280314
0.26788081010182696
0.31693481127421064
0.34803292592366536
0.266591211160024
0.17030334790547688
0.34118221124013265
0.4809770695368449
0.49134451389312744
0.2784281373023987
0.23904848337173462
0.3345111529032389
0.3762817676862081
0.10788402636845906
0.1808060590426127
0.10232802947362264
0.1756426199277242
0.16550455570220948
0.7727929552396139
0.6294856508572896
0.43596766074498494
0.43435870091120404
0.2908940132459005
0.2760704207420349
0.2180687141418457
0.12574758370717368
0.1785884205500285
0.1938072141011556
0.30333701769510907
0.33366750955581664
0.13361973206202188
0.2312064250310262
0.333597244421641
0.2898313609759013
0.6791024335225423
0.24270357608795165
0.3278003724416097
0.26334474245707196
0.30845550537109373
0.10448097864786784
0.07167507489522298
0.19832958857218425
0.348610524336497
0.24310378710428873
0.31310020287831625
0.18684401512145996
0.11502360979715984
0.21528417746225992
0.15686424334843954
0.3384292650222778
0.38057908058166506
0.32629359245300293
0.3495541111628215
0.20881949265797933
0.27137691179911294
0.22332223892211914
0.21205810546875
0.2598162285486857
0.18060465812683105
0.16049529393513998
0.14660015900929768
0.06400667826334636
0.16242531617482503
0.26297316392262776
0.12884188890457154
0.10186834176381429
0.11286997636159261
0.1033852736155192
0.19515992720921835
0.13657033761342366
0.39017818768819174
0.22146660327911377
0.15612070004145304
0.2526990588506063
0.17464027722676595
0.36376746972401935
0.31385889689127605
0.3405602057774862
0.26833621740341185
0.138830828666687
0.1221849791208903
0.22183177709579469
0.16522761344909667
0.051965519587198895
0.08701284090677897
0.28352388938268025
0.273937128384908
0.14482272624969483
0.22250848452250163
0.1405398416519165
0.15528113047281902
0.24180301427841186
0.2089762862523397
0.26625759442647295
0.24111592133839926
0.1809969719250997
0.10142473538716634
0.2069903834660848
0.11118243296941122
0.237332231203715
0.210448587735494
0.2573877175649007
0.13634843985239664
0.06676707585652669
0.3895666750272115
0.14028818289438882
0.16165064970652263
0.0901542584101359
0.05374283234278361
0.08879583517710368
0.00932087262471517
0.027152884801228842
0.1464455477396647
0.13996655543645223
0.1945673696200053
0.22102611382802329
0.09930953661600748
0.2015378149350484
0.12359468777974447
0.06960198720296223
0.4290516948699951
0.15981125831604004
0.13506059487660727
0.1716765316327413
0.12902974764506023
0.03637450297673543
0.1493133783340454
0.32120464007059735
0.25013298988342286
0.19887670199076335
0.1836342207590739
0.12352823575337728
0.04455217520395915
0.08935847600301107
0.49264204581578575
0.6332861955960591
0.03342687288920085
0.039318660100301106
0.0019992780685424805
0.1107791781425476
0.07716257413228353
0.1038309105237325
0.20399702390034993
0.12822486718495688
0.05735057830810547
0.04058396657307943
0.1216729227701823
0.03684277852376302
0.12227673689524332
0.2891695046424866
0.1033039132754008
0.041104644139607745
0.0652965807914734
0.08196869055430095
0.0617621898651123
0.11889594078063964
0.15554165522257488
0.15906662305196126
0.13822123845418294
0.14247908274332682
0.04615609645843506
0.19174446582794188
0.3541616678237915
0.125663317044576
0.03321913719177246
0.0413434370358785
0.026899159749348957
0.034602750142415366
0.06432501475016277
0.10622580210367838
0.255097386042277
0.12909202257792154
0.1466787584622701
0.27683170000712076
0.056068793932596846
0.19737007935841877
0.035779751141866045
0.03211467107137044
0.033816130956014
0.02442716916402181
0.06815592130025228
0.02339252471923828
0.034894014994303384
0.038322704633076986
0.18893618901570639
0.3486044979095459
0.2462352768580119
0.0662877360979716
0.23859532674153647
0.16671788851420086
0.0589703909556071
0.09842195510864257
0.04970812320709229
0.11541171550750733
0.10061364014943441
0.20562528928120932
0.11046027819315593
0.1250381358464559
0.044370079040527345
0.019830617904663086
0.08927104632059733
0.08881455103556316
0.12213178952534993
0.08687572002410889
0.12785640716552735
0.13084928512573243
0.25677333037058514
0.2606225236256917
0.17229671557744344
0.09674739042917888
0.007771320343017578
0.07037872950236003
0.046615190505981445
0.027513545354207358
0.07406130313873291
0.10297507127126058
0.15414185841878256
0.13124557813008628
0.3065586598714193
0.037283649444580076
0.14939141273498535
0.03940464019775391
0.010476430257161459
0.08190795262654622
0.12174496332804362
0.16581340630849203
0.10540358702341715
0.13211482048034667
0.18019551118214924
0.08465596040089925
0.2673159408569336
0.08356843948364258
0.07581057548522949
0.143960645198822
0.02939043362935384
0.07871735095977783
0.0036693096160888674
0.07881556193033855
0.047386581103006996
0.017492733001708984
0.11043465296427409
0.10876895904541016
0.2010297743479411
0.08574458440144857
0.13640413761138917
0.055061481793721515
0.119197998046875
0.05898127396901449
0.06928245782852173
0.0
0.009396146138509115
0.05672849655151367
0.0023345375061035157
0.03509040911992391
0.005494133631388346
0.017434148788452147
0.0
0.01273625373840332
0.0471705691019694
0.13593745708465577
0.27072197596232095
0.4879762617746989
0.17291447798411053
0.07480207920074462
0.09222536404927571
0.35605334281921386
0.15180974801381428
0.09433107535044352
0.09684454282124837
0.017057240804036457
0.18469507535298665
0.22019677956899006
0.055676331520080564
0.05571997324625651
0.06304135958353678
0.005371160507202148
0.09184663772583007
0.009353513717651368
0.004984862009684245
0.06874452273050945
0.024823926289876303
0.02292888005574544
0.06343280951182048
0.03174035390218099
0.03488594214121501
0.09311729749043783
0.06513579368591309
0.23396527290344238
0.30182331244150795
0.0504763126373291
0.04676520029703776
0.062421137491861976
0.09532254854838053
0.058392030398050944
0.050257210731506345
0.07190565427144369
0.03705511728922526
0.05764223734537761
0.12044524192810059
0.09601768016815186
0.05100961685180664
0.0930099360148112
0.08224854151407877
0.06584994951883952
0.04174090703328451
0.07304531097412109
0.11094650268554687
0.08138065020243326
0.15198650042215983
0.0
0.012510493596394856
0.10788207530975341
0.008588631947835287
0.04359001477559408
0.09238440831502279
0.0042020670572916665
0.00012694358825683595
0.030810438791910807
0.05788010915120443
0.09928159236907959
0.06210130214691162
0.12150780359903972
0.18155465761820475
0.24637426376342775
0.175460368792216
0.13847254435221354
0.02356666564941406
0.1263628069559733
0.10367962837219238
0.026822344462076823
0.020840325355529786
0.08315043767293294
0.0007391357421875
0.10596504211425781
0.265375607808431
0.07318691253662109
0.04421393076578776
0.0014184824625651043
0.028050848642985026
0.04382632573445638
0.07494847297668457
0.0
0.0680642032623291
0.15282601197560627
0.15321770509084065
0.012583540280659994
0.007913827896118164
0.07022455533345541
0.019108695983886717
0.0
0.006800238291422526
0.02650967280069987
0.02297530174255371
0.12241494178771972
0.03651421229044596
0.03794194221496582
0.08515564282735189
0.13769545396169028
0.05105671723683675
0.14583833694458007
0.2622547721862793
0.11522711435953777
0.10704933802286784
0.03783526102701823
0.06053567886352539
0.025202948252360025
0.04124898592631022
0.01036415417989095
0.09225151379903157
0.0476293404897054
0.004309864044189453
0.022784296671549478
0.0
0.0011653534571329752
0.041244977315266926
0.015605823198954264
0.06213670094807943
0.021608811219533286
0.012913300196329752
0.147094882329305
0.13544466654459636
0.015470129648844401
0.14570984840393067
0.13165496826171874
0.07696043014526367
0.01194764773050944
0.032098366419474285
0.10196643193562825
0.17938528060913086
0.15734195709228516
0.050292135874430335
0.09324365456899007
0.048674392700195315
0.03939451217651367
0.10731763203938802
0.1174576997756958
0.0
0.02393291473388672
0.021276801427205404
0.04463225523630778
0.08070068915685018
0.12895735422770183
0.10139127731323243
0.09537075837453206
0.09280526002248128
0.12404469013214112
0.030287357966105145
0.09674411455790202
0.24236913363138834
0.09909089088439942
0.03156283060709635
0.09075938065846761
0.11098666191101074
0.012261333465576172
0.05027308464050293
0.10640604972839356
0.07081483523050944
0.017282799084981284
0.04986766179402669
0.05179110209147136
0.02519809087117513
0.009178880055745443
0.018594719568888345
0.024400110244750976
0.04391613642374675
0.03794706662495931
0.22416805585225424
0.06205785115559896
0.08415741125742594
0.09925124168395996
0.11767016728719075
0.08738723754882813
0.05890299479166667
0.03503748893737793
0.09333621501922608
0.018883349100748698
0.06594903310139974
0.0
0.0
0.06313836733500162
0.001284015973409017
0.02399415334065755
0.0
0.0085260009765625
0.02457309087117513
0.1737749989827474
0.026309277216593426
0.019354750315348307
0.14005645831425984
0.15016475677490235
0.14562293688456218
0.05080718994140625
0.11081910292307535
0.06826701482137044
0.0
0.03680200894673665
0.12038085619608561
0.1412777582804362
0.00397428830464681
0.0012387371063232423
0.03612444241841634
0.07007887840270996
0.04339756647745768
0.04495672861735026
0.12864752451578776
0.025305458704630534
0.0
0.06675629297892252
0.017070099512736
0.027472000122070312
0.010383154551188151
0.013295420010884603
0.024227190017700195
0.026439024607340496
0.08613349914550782
0.09845810254414876
0.0380279541015625
0.08382808367411296
0.18690407752990723
0.10167514165242512
0.15683722496032715
0.017811435063680013
0.012106590270996094
0.10320234298706055
0.014427579243977865
0.013022931416829427
0.015583442052205404
0.014313834508260091
0.03658598899841309
0.017266753514607748
0.08345972379048665
0.13968449274698894
0.040822588602701826
0.05432263692220052
0.01734301249186198
0.1088673718770345
0.06883763631184896
0.153077654838562
0.01716835657755534
0.005626020431518555
0.10165611108144125
0.0
0.019215485254923503
0.02161334832509359
0.07284732182820639
0.021224536895751954
0.123742462793986
0.0
0.0019524828592936197
9.879112243652344e-05
0.12595113595326743
0.02947260856628418
0.020797843933105468
0.025327170689900716
0.10156827290852864
0.02146062215169271
0.019466241200764973
0.0824537722269694
0.04467218081156413
0.030653851826985677
0.06488939921061197
0.051680863698323566
0.1012937609354655
0.0
0.0
0.005627764860788981
0.003493954340616862
0.024856224060058593
0.01698810577392578
0.22061339696248372
0.09777997016906738
0.17726117134094238
0.05090961774190267
0.31023421287536623
0.08250593185424805
0.0
0.046369202931722
0.04545511881510417
0.01745221455891927
0.016976674397786457
0.0372983455657959
0.03424318949381511
0.023603537877400715
0.03010419209798177
0.0704981549580892
0.0
0.035797411600748695
0.0
0.028312311172485352
0.07644662221272787
0.012967510223388672
0.007618036270141602
0.015182317097981771
0.0012810993194580077
0.12608246008555093
0.03687954584757487
0.06023759206136068
0.0625931167602539
0.13853026231129964
0.0037663841247558595
0.004613752365112305
0.0032152493794759115
0.0
0.01047957420349121
0.01234903335571289
0.03731750170389811
0.09782190640767416
0.1213498083750407
0.0
0.022548446655273436
0.007825390497843424
0.0037976646423339843
0.028667335510253907
0.03483482360839844
0.10705441157023111
0.0
0.14715623378753662
0.11736905256907146
0.22259873390197754
0.13712612469991048
0.09002859751383463
0.07494084676106771
0.06621031125386556
0.0
0.004914460182189942
0.24374428431193035
0.0
0.008126834233601887
0.0
0.04360408465067545
0.09805137316385905
0.038063942591349285
0.027804209391276043
0.10302597681681315
0.05982871214548747
0.006856943766276042
0.0
0.0
0.008971897761027019
0.0
0.005871353149414063
0.06557400067647298
0.13439997673034668
0.05110382874806722
0.00023612022399902344
0.026229782104492186
0.21237491925557456
0.21338105837504068
0.2529838371276856
0.1310516866048177
0.018472882906595867
0.0
0.0013589668273925781
0.0037232176462809246
0.0
0.025156780878702798
0.013810866673787435
0.058581854502360024
0.050417586962382
0.001686881383260091
0.014959573745727539
0.024712568918863934
0.0
0.012108817895253499
0.04258752187093099
0.0
0.0
0.00510048230489095
0.057098008791605634
0.001971537272135417
0.09270291964213054
0.005201129913330078
0.09011563936869303
0.060519563357035316
0.02321745236714681
0.019644695917765298
0.0617370343208313
0.047888571421305336
0.05226742426554362
0.034130465189615884
0.016654141743977866
0.016541627248128254
0.0
0.10560818354288737
0.01719358444213867
0.017865835825602215
0.02338690439860026
0.22776131629943847
0.22443000157674153
0.036722660064697266
0.12734961191813152
0.0844847853978475
0.047865076065063475
0.028184789021809896
0.0
0.0
0.07660677909851074
0.05726097424825032
0.008993682861328125
0.007704299290974935
0.0
0.021716944376627603
0.0
0.0
0.01796070098876953
0.008129971822102865
0.07303059260050455
0.01806160608927409
0.06930670420328776
0.08658852895100912
0.09384223937988281
0.10014109293619791
0.07960594177246094
0.0
0.00879370371500651
0.0038013490041097007
0.02071518580118815
0.03584876378377279
0.08860616683959961
0.10226661682128907
0.12644668579101562
0.058321119944254554
0.007700443267822266
0.0
0.13184972763061523
0.09432435989379882
0.007348839441935221
0.0
0.0
0.0012586704889933269
0.02330666224161784
0.007645912170410156
0.0
0.05306343714396159
0.031751581827799476
0.025753116607666014
0.05957229296366374
0.032129882176717126
0.0
0.0
0.0
0.0
0.007458470662434896
0.08442090352376302
0.008704961140950521
0.0
0.029073766072591146
0.0896972401936849
0.07076891263326009
0.08275154431660971
0.18432376225789388
0.041930309931437176
0.10195981025695801
0.08730734507242839
0.0261843744913737
0.008096052805582682
0.10115928014119466
0.06279126485188802
0.0
0.018773511250813803
0.03239729245503743
0.0
0.0
0.0
0.015229269663492839
0.0
0.0
0.0
0.0
0.0022603734334309894
0.09785616556803385
0.10130150159200033
0.1105087693532308
0.060576645533243816
0.0666895325978597
0.019108956654866536
0.013888969421386718
0.005064795811971029
0.029380381107330322
0.036129995981852216
0.05399526913960775
0.006414534250895183
0.014759976069132487
0.10923885663350423
0.10160071690877279
0.08020663897196452
0.0004343414306640625
0.0
0.008591066996256511
0.00792294184366862
0.1745404815673828
0.15289061228434245
0.05939623514811198
0.06582399368286133
0.09979646046956381
0.08876613616943359
0.08560498555501302
0.0
0.0
0.03569370905558268
0.010919529596964518
0.03145156224568685
0.009100411732991536
0.00818304697672526
0.0
0.0
0.06007258415222168
0.03497783660888672
0.2659593327840169
0.039025255839029944
0.056360483169555664
0.11012641270955403
0.12137705485026042
0.0
0.004657141367594401
0.03539579709370931
0.14632760365804037
0.07262812932332356
0.015644442240397134
0.010561981201171876
0.0
0.026227734883626303
0.059484583536783854
0.11478507995605469
0.16880916595458983
0.04747342745463053
0.0
0.0
0.019708016713460286
0.000843346913655599
0.0
0.002813224792480469
0.038213100433349606
0.014940700531005859
0.008310670852661134
0.0
0.0
0.0
0.0
0.07998562494913737
0.14175846735636394
0.012316042582194011
0.19135969479878742
0.15186139742533367
0.08699516773223877
0.04198483149210612
0.0056057389577229815
0.052540915807088216
0.04126964569091797
0.0
0.02042043685913086
0.021993319193522137
0.0
0.049225066502889
0.05366729100545247
0.00450164794921875
0.03200741132100423
0.03526926358540853
0.0
0.0
0.0
0.11964441617329916
0.06855969746907552
0.06861768086751302
0.0
0.00909635861714681
0.03244629859924317
0.1319799486796061
0.030036163330078126
0.03786170959472656
0.094324951171875
0.09315771102905274
0.0
0.01871018409729004
0.03691506067911784
0.0
0.0017785390218098959
0.0
0.02945683797200521
0.04048694928487142
0.03517569859822591
0.04130475362141927
0.004932225545247396
0.0
0.008514328002929688
0.06403868993123372
0.009687811533610025
0.016264991760253908
0.056126346588134764
0.19016986846923828
0.14881867408752442
0.05308727264404297
0.025916404724121093
0.0
0.0017821089426676433
0.03923821131388346
0.1227727762858073
0.06898370424906412
0.02668591817220052
0.008037459055582683
0.043521461486816404
0.03620773951212565
0.0
0.0
0.03528465270996094
0.1083509635925293
0.02206055959065755
0.13114625295003254
0.18075914382934571
0.044764652252197265
0.021954790751139323
0.0
0.09154675165812175
0.03643154144287109
0.02119867006937663
0.0
0.04191658655802409
0.0
0.005421390533447265
0.10387275695800781
0.07377891540527344
0.035779015223185225
0.037861353556315105
0.039110692342122395
0.021059277852376303
0.0
0.017442277272542318
0.0
0.01298974355061849
0.013980566660563151
0.0
