15.8959789119783
15.141784449092677
15.294293872645644
14.898732779455967
14.683050780999856
14.912677217702397
14.87286750605849
14.380271122103832
14.186830520629883
14.075728369540856
13.85028173102707
13.412755966186523
13.634237539572794
13.965686673023662
14.073843393169465
13.681194649368036
14.280951116905838
13.894656501832555
13.83560175973861
13.922375209995957
13.31644051973937
13.977076983842693
13.385478989022676
13.929729774350026
13.63340781164951
13.416029375107563
13.131531269823919
13.636334794466613
13.675987274920354
14.136667298488929
13.169308881290624
12.99431742996466
12.361893364640533
13.311593978131404
13.690149995147205
12.528813393389592
12.747309786374451
12.93256682255229
12.444581969839628
12.804830621500484
12.83218418183874
12.635995169154933
12.709201046677887
12.53657917116509
12.511502203394155
12.40367603302002
12.228044939822839
12.23274676526179
12.115840458479084
11.739375520925053
12.122950976012183
11.595258532977494
11.251718575837183
11.22154592295162
10.932473581345356
10.874588724042548
10.511485936211757
11.812517408464776
10.710546685046838
10.768978001641445
10.565831528335321
10.871212341746347
10.410564649300497
10.82629466447674
10.671769962936152
10.435797335671596
10.686951019724862
10.44319438152626
9.671296971743224
9.817574891887727
9.62728672340268
9.477849886065624
9.414353484013041
8.803304625339196
8.577355040878546
8.67355335735884
8.4169141230036
8.298330072496759
8.28230622557343
8.505802604018665
7.980602721698949
7.332091452645474
7.919540436541448
7.941704761786539
6.35177806948052
6.843407986594028
6.662167044936633
7.27000675045076
6.850837951800862
6.125130405191515
6.432889084346959
5.870686718674957
5.915008482385854
5.635689434457998
4.892892689001365
5.305288661698826
4.735783359066385
4.544676064467821
4.29971373765195
4.067105875640619
4.20410870528612
3.6616047327635717
3.522029724277434
3.8035462019873445
3.4670161937103896
2.9807014318763234
3.0088120229908677
3.6535725261344285
2.3722702225700756
2.5290062163696914
2.411679277654554
2.1517927255786833
2.596347692559977
2.350400638384897
2.7851756390978077
2.6440563348473094
2.12551151924446
1.8732773925437303
2.182800211867348
1.99256532993473
1.5437833823141505
1.7950991841613269
2.7524285140584728
1.980740484644155
2.176166436711296
1.8633355478771398
1.3275768366016325
1.4937743798631136
1.676501088455075
2.0147318576203017
1.4782514181293425
1.415559145270801
1.310902178287506
1.5549472589961817
1.4343750467065906
0.9216909818961972
0.9078886059464001
0.6540855345178823
1.1068143942317024
1.009012858398625
1.1228925263295408
1.7227457390456904
1.1746926522645793
0.7113623609308337
0.9822030722117815
1.0193807883340804
0.8489052350403833
0.8670045821393122
0.9952663867200007
0.7540802574548565
1.0070938722032015
0.7802023379529108
0.8801299441056173
0.6378233071233406
0.6427582658705164
0.5574342461883045
0.666873031952342
0.7401401527592393
0.5503289338018074
0.549078893466074
0.9515265206821629
1.125634253025055
0.8907873024705981
0.30372312909266985
0.5493669539201455
0.66613968473966
0.6539744177802664
0.8262374440177542
0.880381127849954
0.5235132565263843
0.8731646586637027
0.5797152392199783
0.3833370804786682
0.2822446334557455
0.4501766904455716
0.7594633571437148
0.5453676503212725
0.7727613292756628
0.5623516870326684
0.8901663852519677
0.5355461855403713
0.7908056300194537
0.4761687448767365
0.7484201241712101
0.2384626836073203
0.7457989288158104
0.6204700079120573
0.382761363123284
0.41101089852755185
0.6527099189211111
0.4027573827837334
0.7333208947885231
0.6896307917891956
0.45050685034423577
0.4940932695982886
0.4762319258001984
0.32081329529402686
0.4942146725341922
0.651934594404502
0.5494254387792994
0.5392357198918452
0.5928105008406718
0.6860825565994763
0.2709415965392941
0.6068019212269392
0.35248374254977116
0.41655214497300447
0.35035793800823023
0.4645485975703255
0.3801150126535384
0.5465605043974079
0.37135341616927603
0.2054399408277918
0.23897006374890686
0.6329482324787827
1.2715067404215452
0.817905948787439
0.43165045194938534
0.44760394682649707
0.7266297144968001
0.576603925618969
0.27249968345048
0.3290618824177101
0.14916480760105322
0.33822306355492016
0.6290675401687622
0.4055593365528544
0.47718048486553255
0.5465154755310934
0.33311408074175725
0.28550842453221803
0.5025812866257839
0.19224159932527385
0.5922745515088566
0.6678711957618838
0.49405865297942864
0.25271058473430696
0.3432540649273356
0.2511929478801665
0.161006043191816
0.15216361303798487
0.3028230188322849
0.2212232165649289
0.4454896059192595
0.4398187946100704
0.4810788308987852
0.19031815841549732
0.3153906269151656
0.4246649253563803
0.4706048643002745
0.2784173674270755
0.29721390419319027
0.5804315991088992
0.3259939688151
0.3520851653130328
0.39537095437284375
0.3690106389952488
0.2507393672818043
0.26152566808169003
0.15410357811411873
0.2695581395117963
0.47510971983925243
0.6602360742991088
0.9400528708442313
0.6774169939463256
0.22485778761691735
0.3641070987357468
0.32279845925628164
0.12289899099068563
0.41204863688984855
0.1801964015257163
0.0706357056977319
0.31578947676986946
0.5297652815209061
0.4328127640192626
0.4975596001890839
0.35420691087597705
0.25283539197484
0.6329589720632209
0.2981684110203727
0.2930539191746321
0.33598019060541373
0.426186134580706
0.27752219653520427
0.43854273342695393
0.10707629313234424
0.4636895304820577
0.5113515433717947
0.22582229043616622
0.11077864736807151
0.39803051557697233
0.16213783866069356
0.2994916507455169
0.31597706822098276
0.5765395047234707
0.2504702708760246
0.38246399359624894
0.3251260724224028
0.40007638540424284
0.3058820552513248
0.23611570088589778
0.5906793817144925
0.22743760171483773
0.4341768827594695
0.16091856018441622
0.10962816046886757
0.11819422245025635
0.09417046288974949
0.2768305842993689
0.3191468041451251
0.3615377144735368
0.4976326578953227
0.2707681694968802
0.3681571229559476
0.2683888693324855
0.5453653267172517
0.5614149120987438
0.5534174618173818
0.5623386785632274
0.17050972629765995
0.15629807945157662
0.09728580029284367
0.29565283704976564
0.2925433135423504
0.20962699710345659
0.13857025982903654
0.18923532571948942
0.10008519985636727
0.4753282470781295
0.26322763083411044
0.2338584270633635
0.3798684868656221
0.38975083143984685
0.4211784415557736
0.1594426866437568
0.3273197344092072
0.5487128505941297
0.38694950987081056
0.11888429375945544
0.06783437728881836
0.11024895359258183
0.1273011848574779
0.4345078751689098
1.0944021441897407
0.5642779449947545
0.3187179067095772
0.1474214587055269
0.2783180993111407
0.1280494996758758
0.12467469836844773
0.07880931310966367
0.1632344576179004
0.33047225631651334
0.17556744032218807
0.1412679572574428
0.14904138299285388
0.12738090753555298
0.2102498558701062
0.12249079395513066
0.15484974130255277
0.2534919195487851
0.14880516392285706
0.2384459982152845
0.25352984471399276
0.9630740724626135
0.42730163355342676
0.13666138492646765
0.1545056984072826
0.2520508707546797
0.2008359187939128
0.12486723895932807
0.3948398574453885
0.4481752661407971
0.138407615364575
0.13495215138450997
0.12186086177825928
0.2570584709527063
0.5356830905695431
0.5817718525401882
0.4254647542218693
0.24972443600169947
0.2295889356097237
0.27500791627852644
0.2480756269126642
0.16627504981932092
0.07417230723334141
0.1954590893182598
0.14023029706517204
0.26131610987616366
0.25803747919739267
0.2946501784637326
0.515765238980778
0.2199015754168151
0.3747604753150315
0.04654009908926292
0.06003970103185685
0.23537395234967842
0.32453403805123
0.3097379012186019
0.2728978278206997
0.311724669620639
0.10176032390750822
0.20653155788046415
0.26805917747685165
0.2116651388465381
0.20642683838234574
0.2660461703284842
0.2960801769475468
0.1560097864416779
0.3333319552609178
0.11589098562959765
0.22040802631221834
0.2630529149633939
0.2547119386860582
0.3041410553650778
0.10420973574528929
0.07083374750418742
0.18254885908033028
0.19971380272849662
0.03961287170160012
0.0630509442970401
0.14931175357005635
0.12023912101495461
0.12271569205112144
0.2527836443947964
0.371633273656251
0.2857172938643909
0.15537726097419613
0.2024177381249725
0.18357053545654797
0.25290697715321525
0.2316202364984106
0.1655978277081349
0.47557020480515527
0.49331123027645174
0.27715396099403256
0.1656141779461845
0.0764278769493103
0.21062024206411642
0.04753230634282847
0.1036591353963633
0.09325991399952623
0.2149071400282813
0.29265427687129036
0.37510252682889095
0.22380360325828927
0.16468115028787833
0.22405437270148856
0.3008087209013642
0.23885323180526982
0.21402519452767294
0.13807447816504806
0.09467617996403428
0.057166023332564556
0.07742619514465332
0.2625193468859938
0.1529408751941118
0.2257026502343475
0.15654192498472871
0.25409787795582756
0.4174870135354214
0.29679263908354964
0.1299419168566094
0.0895654197599067
0.152795889338509
0.14525892304592444
0.18389485214577347
0.15443759179506145
0.30292784972269027
0.18513470008725025
0.30556614867976456
0.3594436098317631
0.20782447056692155
0.319303319102428
0.13959581246141528
0.07635725717075535
0.16732341441951815
0.15780947736052217
0.1892186755039653
0.050840974831190267
0.04289806279979768
0.09296878928043803
0.4949888391572921
0.631928496673459
0.33016089435483587
0.1780674506406315
0.12290421763404472
0.08081628162352765
0.019783795857038655
0.046646579367215515
0.1392634647791503
0.25291232593723983
0.08790560237696914
0.28371355963534994
0.12480440296110559
0.10311059482762071
0.10962642607141714
0.45493904098135524
0.6329913657219683
0.31041602033083554
0.13622544828008432
0.04660573552866451
0.09309093385446267
0.22975803496407682
0.2633830289371678
0.20706180177751135
0.1044445243038115
0.14357958758463624
0.022519477078172027
0.1568785387961591
0.009243851802388176
0.1703962224428771
0.11015253184271641
0.15174072101467945
0.341816143911393
0.295793032059904
0.19413021939699768
0.33930805472076914
0.1744024939224368
0.1607363507395885
0.2269930546400977
0.22286047407838164
0.23183865039075008
0.08306256180903951
0.1754833782305483
0.15026109238139918
0.2856041720656098
0.15017630623989417
0.09226243026921006
0.08191235729905426
0.08458187736448694
0.06597278743493752
0.3451661956114847
0.2395888479029546
0.05689411769147779
0.04989451853955378
0.11092771467615346
0.3417425097012129
0.21081275822686368
0.18150490326959579
0.4299619813434413
0.15175963620670507
0.045057705191315196
0.0852911892484446
0.2682312941942059
0.06110438264784266
0.12742446973675586
0.166161126777774
0.13010061373476123
0.17711205853790532
0.3596353521112536
0.21627791690044715
0.17422247323833528
0.0650135591381886
0.2239922529361287
0.23750747715840576
0.2795652483330398
0.3678329704237766
0.13825978021152685
0.2617510449690897
0.1277479031046883
0.13118245464856507
0.15913868536714648
0.3634293274801286
0.13147761587236748
0.2295859778513674
0.14259082176646248
0.04574341461306713
0.15260412165376006
0.024072305100863098
0.09356264208183913
0.25683133523972307
0.1501647077622961
0.2417485098369786
0.3107631841643912
0.17833888628443734
0.22188244393614473
0.20284191213670325
0.26377970273377466
0.10487340708247951
0.25995111270029037
0.13110762150561223
0.23476284937780412
0.1668471176116193
0.09724129614282827
0.08958693899092127
0.06413912773132324
0.06855648267464559
0.026552884305109742
0.11857665366813784
0.11025163971009802
0.10863297591443921
0.1442448154824679
0.2225603822801934
0.4051214544499507
0.2477950258333175
0.07911046411170335
0.1149503442107654
0.16459547203095232
0.07530414081010663
0.10928522954221631
0.1733090154460219
0.09451651573181152
0.19963149164543778
0.17054094838314368
0.042674308917561514
0.11650051249832404
0.09906013578665061
0.08548769599101583
0.016581144489225794
0.013893149915288706
0.06385612096942839
0.5475211319376211
0.7130394959058918
0.3252133218968501
0.16108807188565613
0.06800468143869619
0.10844680520354724
0.0896604100211722
0.06290373450419942
0.031113974383619965
0.08909402812113527
0.022588131857700037
0.08674369288272545
0.06614992657645805
0.03676489337545927
0.0814197473838681
0.0854524667145776
0.20314414383935148
0.03850885590568918
0.04069913606174656
0.04475443675869801
0.08875808461767729
0.0394231804081651
0.2526092900604498
0.46422350211221663
0.23123502731323242
0.2337292628210099
0.1919513686758573
0.0660120385592101
0.057214508291150705
0.13536844488050118
0.26218162599157113
0.06781883904191315
0.09292643089763454
0.09036950889180918
0.08534121904216829
0.18331034750234884
0.12115305564442619
0.21230124254695704
0.15459126331767098
0.27979369730245873
0.2888828144698847
0.21012172738059623
0.3682563539411201
0.0527493025435776
0.18626840779038725
0.1393655372447655
0.09608217927276111
0.1357918137409648
0.03133261008340804
0.05639627136167933
0.016896375867187
0.22587753221636914
0.09101278860060895
0.2731420554098536
0.16607525114153251
0.16648248570864319
0.3748991020390245
0.05611009285098217
0.06266361768128442
0.020871940206308833
0.003001785669170442
0.027183821943939708
0.08226077185302484
0.1436398127039925
0.140163640506932
0.17040649300715963
0.04388455777871804
0.09598629396469867
0.035274379566067555
0.08105642678307705
0.24787675357255778
0.1469795361894076
0.2740871808567985
0.4042995660031428
0.24639152210266863
0.2622992005504546
0.05229437448939339
0.03601851228807793
0.07021579195241459
0.00730428050775997
0.02361757833449567
0.06615052457715644
0.07196132667729112
0.09005712876554395
0.07949693085717373
0.014425664651589315
0.07635413036971796
0.09336289616881824
0.05978744733529013
0.21724435247358728
0.3637152685493719
0.1902218529435455
0.0916084168387241
0.06583878055947726
0.048713988945132396
0.131947859388883
0.17568300200290368
0.08785399452584688
0.2808631287246454
0.12274101718527372
0.04051440465645712
0.10032677357314063
0.07655832708859053
0.07520812456725073
0.058798696173996225
0.08026607505610732
0.04056307722310551
0.1116553584083182
0.09902617286463253
0.0849874273675387
0.3443905965226596
0.2258040611861182
0.24401497059181088
0.10114543750637868
0.1280414041925649
0.01916425443086468
0.1863845684489266
0.1223824610475634
0.10617827978290495
0.08018817471676186
0.09765904066992588
0.11504468566081563
0.09727515744381264
0.03910039682857326
0.292026445513866
0.1739203402253448
0.188001383523472
0.15126574430309359
0.10175276779737628
0.03677749242938933
0.32125264503916756
0.13201760366314746
0.3179359533747689
0.1423282642833522
0.07551114774141156
0.1453995137918191
0.08027742534387307
0.08469308986038458
0.056107795629345
0.17463416545117488
0.07378307131470227
0.10900270548023161
0.05932842317174693
0.15113922611611788
0.17944995301668762
0.03657260683716321
0.07325984806310935
0.12662909167711853
0.09306985432984399
0.2638248674205092
0.2256567771317529
0.051173260954559825
0.05347924349737949
0.11165963626298749
0.08579087648235384
0.08506546059592826
0.09927433436034155
0.20964388476043452
0.029834931991139395
0.12875499881681848
0.04504696462975174
0.058694487712422354
0.10109028269032963
0.011777780095084768
0.17101352527493335
0.5047011365655993
0.20572920900876404
0.19314637145058053
0.034351771972218496
0.05133732811349337
0.009158316205759517
0.0019560524674712633
0.00795255528121698
0.050009410889422304
0.005966959429568932
0.10339418297908345
0.08482507994917572
0.20319931624365634
0.2543167628225733
0.09295922029213827
0.31503059238683984
0.148632604567731
0.07385586617422886
0.06622598992019403
0.07373924138116054
0.10724840594119713
0.15530465079135583
0.08769362090063877
0.04436193333297479
0.02643111690146024
0.048448479566417756
0.07380539081135734
0.05943619423225278
0.5290016854395632
0.0751634093581653
0.12155689763241127
0.14092642068862915
0.12507320232078678
0.14646102170475195
0.19253127692175692
0.19437979283880014
0.13873566662678954
0.14062028830168677
0.25289017939176717
0.06314523005094684
0.013462891344164238
0.029100454244457306
0.0766235101418417
0.028628040532596776
0.14779879030634147
0.12374916623850338
0.2996258110296531
0.07937014005223259
0.16988882959866133
0.16299839000232885
0.15633236384782634
0.07386426456639024
0.03797430288596231
0.04848395214706171
0.0055856548371862194
0.0388733910732582
0.10626562306138336
0.031805388263014496
0.1174832670415034
0.16500485138814958
0.15608522931083305
0.17890770318078214
0.23289668950878206
0.0802280140704796
0.0415713083548624
0.06841620265460405
0.013503214374917452
0.04995440655067319
0.007242831050372514
0.15220272736471208
0.03614126658830486
0.07629113021444102
0.06118774804912629
0.08255778961494321
0.05937420344743572
0.11403651120232754
0.30862098443703573
0.29884579826573854
0.2800480508413471
0.1555620295102479
0.0545396912293356
0.05098323450713861
0.17377317538026904
0.05083536710895476
0.03965558771227227
0.04144895467601838
0.012727373936137215
0.025141145362228643
0.06069373693622527
0.11758686479974965
0.014899902656430104
0.20281129782317114
0.043351891587992186
0.18591415100410336
0.16590440468709977
0.04518842697143555
0.11110934859416524
0.12451092727848741
0.07059658453112742
0.04324598195122891
0.0741085087666746
0.12603390998527653
0.11803070345862968
0.086178861680578
0.17948362670960974
0.33999372114900683
0.08833978606052086
0.11403836676331817
0.06755697531778304
0.03177199598218574
0.03416121006011963
0.0
0.022558102842237127
0.00200571388494773
0.070742024750006
0.19399412147334363
0.10154060848423692
0.03316804913223767
0.03341649399429071
0.021051127402508845
0.09636795325357406
0.04792025538741565
0.031780123710632324
0.13985142942334786
0.047324538230895996
0.05279048935311739
0.009611481525858894
0.10089064230684375
0.44795340006468726
0.3454530102307679
0.21158834656731026
0.15773731176970435
0.059293795804508394
0.1525159400017535
0.002713281600201716
0.10926428779226835
0.050900428021540406
0.1540498381755391
0.2847382279693103
0.06273617216798126
0.08342262662825037
0.19976408559767928
0.08024598340519139
0.026944348069488026
0.01628678548531454
0.03649535726328365
0.03564650015752824
0.08083603030345479
0.12386363256173055
0.07708478267075586
0.08529956223534756
0.21836537220438973
0.09539784173496434
0.14399948081032174
0.14060250266653593
0.16444792610700013
0.07850700519124015
0.09893068133807573
0.11535048093952116
0.03869642586004539
0.07424994179459869
0.061315493505509175
0.09957814412038835
0.06299595656942149
0.1985265505118448
0.11652618353484107
0.03829900944819216
0.26929490097233505
0.06905569795702325
0.041303099178877034
0.06152593112382732
0.0760334026618082
0.0312878782631921
0.06567106090608191
0.012778028112943055
0.012793301558885419
0.010440318310847048
0.01937259220686115
0.002423200450959753
0.022772579896645467
0.0
0.006177996025710809
0.001384457603829806
0.058627869262069955
0.02649559153885138
0.09290425503840212
0.3597266947636839
0.31030934658206877
0.1859128797640566
0.03611223228642198
0.15933706525896416
0.035547592600838084
0.09415880187613065
0.056279250832854726
0.09463874043011275
0.14353782524828052
0.12170375370588458
0.1841579656131932
0.03451470859715196
0.30034892871731617
0.2067982955057113
0.22284762390324328
0.0732440821460036
0.08406301893171716
0.16813745264147148
0.33575817307487865
0.17213466714640133
0.17102202235675248
0.10172348139715977
0.025608984173321334
0.04348130108880215
0.07008540434915511
0.13412964734874788
0.02247422640440894
0.053210369876173676
0.03768942004344503
0.05877893479143987
0.16641261440808655
0.09254178746801908
0.03608632673982714
0.046314690933852896
0.010555196980961034
0.03518616371467465
