30.08885495482668
29.863446606237368
29.971841819159014
29.119790988732436
28.653006179556662
28.375311487946064
28.29376866672579
28.200218845248003
28.35233565237421
29.47960624027428
27.48703186463695
26.51064300185848
25.701012760675194
25.157378427670587
24.61793223446026
23.959832807930795
23.4106766180878
23.336673183335783
22.96539606442109
22.236226944194534
22.314717307714247
21.90296939811215
21.430873179743084
21.083224875272748
20.879452111751775
20.31877414078124
19.900683042972346
19.509660768245464
19.295924631052035
18.758948599216467
18.45519850925846
18.356332752146994
18.026389876781906
17.66296444106058
17.42279595828188
17.054837308974996
16.46234308465849
16.333537140384344
15.831622633925239
15.298545668357864
15.11625896062201
14.752425485772543
14.202798602769827
13.708406406651983
13.201073248302958
12.761645160985916
12.399921076293369
11.957653430724452
11.38036418180659
11.066816388792315
10.767288111850043
10.090581810935426
9.602573803006834
9.304592484488232
8.899377321779838
8.536023588360564
8.258692633271437
7.9927608955850475
7.548584858247149
7.314027538505926
7.175679295102536
6.823169279603449
6.510932092014597
6.385264759015422
6.345351199802992
5.9869830147337515
5.7695643732780475
5.633036247219609
5.526191031790131
5.437318448587895
5.2533835957502575
5.067915677804754
4.8181200181142625
4.794372377145356
4.620813098017463
4.601118567679249
4.438738224475643
4.36656127763058
4.263916684283736
4.104387068946059
4.124197717913826
3.998462537265834
3.799119676125423
3.9375050138153864
3.734317797817578
3.733987762124499
3.6953557883946715
3.4281885693635292
3.4997548469193074
3.4268324667687353
3.216439776987002
3.349576184488353
3.130500302020577
3.2779581752600593
3.1569258968584224
3.1479767041750817
2.9450714265444002
2.9137122465870435
2.909819281342719
2.851659628018929
2.8156929252665783
2.7736349465328907
2.777122566328962
2.662388276164703
2.6669152815368293
2.5375031912304857
2.5547722881011543
2.5206821973042812
2.580049418283431
2.4801286513304843
2.42399454989486
2.453169446898209
2.4265073650888755
2.337412042677073
2.4127308095687003
2.313819665660735
2.1453294182131084
2.2542694237350758
2.2686491060871665
2.1876761485199903
2.128808886855566
2.149084370439224
2.1270590215976286
2.1041545277361933
2.1203094861344955
2.02986354656641
2.0661265604733106
2.0014006151349504
1.9722389445449766
2.0160709306680036
2.051862067994053
1.894807115883239
1.8458623617173997
1.9362169561245604
1.7892426326459283
1.8876486157185466
1.8561295528877286
1.7879438652737585
1.7804540251939116
1.7706914863533736
1.8198579379647257
1.7059409778640635
1.7448534824461788
1.725219086718164
1.641747188721792
1.768832084662787
1.6833413713654541
1.66569593960409
1.6178555334909626
1.583504381210545
1.6807889042089437
1.4874378843970502
1.5900980262686095
1.604550160975307
1.6262936734801936
1.5998412086928528
1.562383889603132
1.4422978393829549
1.4459233782348493
1.5255668826305187
1.5356702211812057
1.4233410371052406
1.5228796052449756
1.4895090742335135
1.4951951280922302
1.5400930820358831
1.3236349695953875
1.4866963291256028
1.370033227167955
1.427907557447971
1.4285177230615422
1.412034294662335
1.3036354369660548
1.3337363415221044
1.3299967049454677
1.3443492441326654
1.320418118771927
1.3491340437646728
1.3187776291348439
1.3746699858765576
1.245094021710243
1.255666187619636
1.232561479067056
1.301302046626532
1.2640500522011113
1.2775347529195291
1.2462802251070244
1.185252693476598
1.32303174501405
1.2344979796400826
1.1885779395178098
1.207342703039475
1.1541518177116774
1.1985686947188545
1.148069372273721
1.241794127346622
1.1842750700578286
1.1199726322957384
1.1920027836032117
1.1534723338171922
1.231045095795426
1.1125220401730547
1.1810649101027249
1.1147222323531822
1.1962180351684106
1.1117333159481841
1.1281212535352338
1.0457895910213006
1.08875098379936
1.118878510775487
1.1559552166123856
1.0873474973780455
1.0805591075898973
1.059337162016505
1.0365790142977875
1.0610763201726734
1.0067682412228312
0.9962690962722068
1.0768320990750364
0.9481057054869159
1.0183003022306312
0.9751515031739054
1.0993977640215205
1.039388000635811
1.0578813244405152
0.9924128827249586
0.9903187564064785
1.0417467327188172
1.088523615899446
0.9502123765523921
0.9288508406879713
0.9555835962075994
0.9638780738547801
0.9695641645959289
0.943151721967518
0.9908747428249478
0.9353928579151302
0.9351915076073143
0.9279010284891006
0.9021881229311063
0.9503299107648172
0.9622723602897335
0.9243932224220114
0.9337545833644726
0.9578071797530735
0.9179813620354809
0.8509253260180436
0.9333701639763777
0.8997029313066388
0.8665016873106772
0.8860482801829034
0.8639041597562162
0.8598405089826215
0.9355839484304355
0.9827430508962213
0.8132471100840559
0.8169706335383884
0.9201618407751754
0.869484319981071
0.8893267184111734
0.8586011953775395
0.8600612694387277
0.8561120480573419
0.8128019497758995
0.8667345403746786
0.8506296569032125
0.8181629173224363
0.8126667408653385
0.819721512263212
0.8707975760568791
0.8182837557507264
0.8808477345860904
0.7923305946819031
0.8359338004505656
0.6042141792523926
0.5777490375011226
0.5442647228144369
0.5120163026984444
0.4413514245939518
0.4759379482620548
0.46122598439509915
0.4367181806933155
0.4111809065328777
0.4201817444455338
0.4049106661786032
0.43086842377541473
0.38354179564980073
0.36829486055707844
0.3759535632300333
0.3956657937877086
0.4318516110627471
0.3885107416913435
0.38366380921165366
0.3981147191142509
0.3162722645763095
0.34928871661040445
0.30782532615117164
0.2636028292209843
0.23746726943203977
0.2727765636329932
0.21658353724312826
0.24239927859596125
0.19855460123901647
0.22701675358398185
0.22638232004357087
0.18930194950894097
0.23114329236207964
0.18497175614917255
0.21480211588120154
0.18972760910926384
0.17934902223653776
0.18159906431675835
0.17611603293410102
0.18685322308408622
0.18640984394493243
0.1829068668419924
0.17371505548282223
0.16360663204122863
0.15985529385438502
0.14652225128194904
0.15973624186401647
0.1586681273980255
0.1685481206488214
0.19737118471612808
0.1466056625487396
0.16125769487841135
0.16891908228507138
0.1414424505901161
0.14998819705092006
0.13910267662606846
0.1629669912173164
0.14667596068391045
0.12009040371928206
0.1337964154958286
0.1827016647349405
0.14938467137282285
0.11186281554606738
0.12723415552142794
0.12039160289378018
0.15721188932931665
0.1361206428561202
0.12518499613247305
0.11106335798460257
0.129601012496878
0.14485323385200008
0.12305369923786563
0.16229325467051722
0.12467193416908082
0.12841986303610478