29.343260229402265
28.187302058133852
26.63645297343779
25.82701723615109
25.026120111209032
24.419049705589675
23.857965867163728
23.423955204298043
23.214965172235477
22.972380418584272
22.50851304842842
22.139403368667125
21.536899508692283
21.28335009797941
21.147165460042093
20.707994330214753
20.28716456516891
20.112795695415517
19.721312762184915
19.511985627766254
19.23533838142128
18.856130482303065
18.645817352702384
18.210091693625266
17.771080064510112
17.80600222654325
17.41959589489257
16.9082705671616
16.696468389275765
16.141843072617252
15.823512121678277
15.392740281247303
14.974056546200705
14.919021867915411
14.264704644131177
13.77809255206563
13.500394588017333
12.840981617158288
12.27488937276942
12.10066596392549
11.517833323329413
11.095880264954891
10.819002640949867
10.375090213331289
9.8778540160555
9.438420467504042
9.192984892408711
8.888523618489998
8.437260630381042
8.084723323638487
7.905630805764629
7.775845271853892
7.308067009473154
7.246316168255569
6.863226663210115
6.796703110522767
6.60498684196841
6.362361809704624
6.249641742232097
6.053771293712145
5.879523177283025
5.735391467557209
5.434121342478097
5.270980992929712
5.066246118093283
5.109530276191827
4.9464966214822805
4.770982346635717
4.69644143931554
4.384021271691138
4.603528116179654
4.433762480946975
4.329580943986197
4.159271241946774
4.104502382287223
4.0360329926123715
4.030198850322165
3.7262360002344703
3.780719368782711
3.552973505355157
3.552266786166537
3.533900582241529
3.37027477690089
3.3619432929690594
3.363578531766245
3.2825048947312334
3.303381860113495
3.098742412862198
3.057643994617638
3.0731775247260353
2.9631870238600952
2.9855946971676404
2.851235251060068
2.835398300093621
2.8035461086814135
2.7603202568123573
2.7050388714665647
2.6974328121208133
2.6182896909353706
2.626877227793302
2.413750261342767
2.422534608127443
2.433648568095423
2.4235218605942492
2.3551775835934703
2.2526946007985877
2.2585047626363637
2.2043759416589856
2.254160266016948
2.136809838828022
2.1829194125220264
2.0285923541580115
2.0541925949396127
1.9871982755472206
1.9754669614479248
1.9935723854911482
1.9988739030247014
1.769500419843263
1.9042044314451199
1.841185386262107
1.799885580388222
1.7712190504890777
1.7914621079604711
1.7099370038311783
1.6959006232890417
1.7381345154391687
1.6538758132668487
1.7366261723072272
1.5886544767005668
1.4834745504140416
1.6174246410858126
1.5581796022409893
1.4875310124723073
1.4630067663627435
1.4809067007037597
1.4123011129885967
1.4636675078456136
1.3987312486926935
1.3598680029257886
1.2779003185022821
1.2568882879960603
1.3188670382644592
1.30310995126517
1.3510614420717812
1.1792340394212397
1.248992046269264
1.2624516992279178
1.13209878853891
1.2498138441126212
1.063969037622817
1.2091407521214494
1.0872022414295275
1.0910163002448847
1.0624373457049796
1.0999348852735418
1.0151910426208328
0.9222727459877674
1.0366350796451007
1.016587303773694
0.9733030715700013
0.9055943664705337
0.8795331255726612
0.903142520560305
0.8149436503264567
0.9172848452081558
0.7366832705492473
0.7418196892870065
0.6966212118528166
0.6233066980131863
0.6042393235211873
0.5550183141209583
0.5447132464491421
0.5365694601013296
0.5484130211846824
0.4945805571136334
0.5108752846717834
0.44562176424275884
0.46097982643278484
0.3926306559016472
0.4349501614851627
0.40488666109397703
0.4365338532744631
0.43772892431659594
0.3958270731442102
0.38674372363266146
0.4011552132954255
0.3596223141058154
0.35784637038878975
0.3370528172831948
0.39996434267932757
0.3687766108723635
0.3174960714238344
0.3702506075028337
0.3195006847381592
0.364450102133426
0.3408359120124831
0.3137978793946858
0.3502010859507882
0.3301070889056717
0.3344463334996836
0.34379811351690065
0.3149162971073312
0.31557084809350705
0.3102387260117364
0.3278428631153774
0.30183857295175065
0.27877951294019077
0.3093510694925298
0.3031395387254367
0.31342598274487377
0.28714168752315516
0.25233246300980094
0.286991298967084
0.28840008131048295
0.30808097135076645
0.26800256177206727
0.276543358083588
0.29955235052284396
0.30351009586239386
0.26350717254765127
0.2552262868450931
0.2545643979014613
0.2777678235459723
0.23663393996697105
0.2925435779942114
0.2870175826395853
0.23991593724017204
0.26395584206554773
0.2872079357257864
0.2370269717871594
0.27539798095959545
0.2540733537621261
0.28816298182717565
0.30821451670996175
0.26381082187919547
0.2434313422408552
0.26353992436691764
0.26461485286224395
0.2739412612238861
0.25664221164710393
0.2344789367244608
0.2534436051138637
0.2903905547126222
0.24326008689996287
0.2615357639600778
0.25625008333673355
0.2405669712229987
0.24216283761774418
0.23581198236560294
0.23796473254156375
0.25588705559461816
0.2685937768407509
0.23226665308901398
0.22869572389191686
0.19267723694251607
0.23778390994168558
